# step, loss_train, loss_test, metrics_test
0.000000000000000000e+00 1.557651194161735475e-05 2.281924571434501559e-05 3.931653918698430061e-04 6.862825557618634775e-06 8.100000000000000000e+01 1.000000000000000000e+00 0.000000000000000000e+00 0.000000000000000000e+00 1.328125654254108667e-05 2.257353480672463775e-05 2.201857205363921821e-05 6.992096132307779044e-06 8.100000000000000000e+01 1.000000000000000000e+00 0.000000000000000000e+00 0.000000000000000000e+00
1.000000000000000000e+03 7.059403287712484598e-05 2.028850394708570093e-05 1.121161494666012004e-05 4.978944161848630756e-06 1.839590966701507568e-01 5.948608304606750607e-05 1.248138770461082458e-02 3.207942522731599411e-10 1.546334533486515284e-05 1.865394733613356948e-05 6.652894626313354820e-06 4.844132035941584036e-06 1.839590966701507568e-01 5.948608304606750607e-05 1.248138770461082458e-02 3.207942522731599411e-10
2.000000000000000000e+03 3.847419793601147830e-05 1.919852547871414572e-05 6.906732778588775545e-06 3.107114252998144366e-06 1.511144546384457499e-06 1.642774805077351630e-11 1.421263107204140397e-08 2.374232810353760215e-09 9.018866876431275159e-06 1.861336568254046142e-05 5.125045845488784835e-06 3.097515673289308324e-06 1.511144546384457499e-06 1.642774805077351630e-11 1.421263107204140397e-08 2.374232810353760215e-09
2.000000000000000000e+03 3.847419793601147830e-05 1.919852547871414572e-05 6.906732778588775545e-06 3.107114252998144366e-06 1.511144546384457499e-06 1.642774805077351630e-11 1.421263107204140397e-08 2.374232810353760215e-09 9.018866876431275159e-06 1.861336568254046142e-05 5.125045845488784835e-06 3.097515673289308324e-06 1.511144546384457499e-06 1.642774805077351630e-11 1.421263107204140397e-08 2.374232810353760215e-09
1.000000000000000000e+04 1.731780116642767098e-06 1.345014788967091590e-05 8.074883908193442039e-07 4.543762699427134066e-08 1.782609615474939346e-10 1.114131009671837091e-11 2.721043390607746915e-10 2.797331810633352234e-11 6.760033102182205766e-07 1.344759039056953043e-05 8.068508918768202420e-07 5.342052133983088424e-08 1.782609615474939346e-10 1.114131009671837091e-11 2.721043390607746915e-10 2.797331810633352234e-11
2.000000000000000000e+04 1.224306402036745567e-06 7.175063274189596996e-06 2.153170726160169579e-06 5.998247587513105827e-08 2.328306436538696289e-10 1.088018564132653410e-10 6.008582520422578455e-12 1.427921531016451695e-10 1.009782863548025489e-06 7.189501502580242231e-06 2.161289103241870180e-06 6.753469961040536873e-08 2.328306436538696289e-10 1.088018564132653410e-10 6.008582520422578455e-12 1.427921531016451695e-10
3.000000000000000000e+04 8.890647222870029509e-07 3.798593752435408533e-06 1.876655346677580383e-06 8.629293546391636482e-08 1.114131009671837091e-09 4.780531526193954051e-11 1.045585840131479927e-11 1.862471010749544575e-10 7.762324685245403089e-07 3.810690941463690251e-06 1.885845563265320379e-06 8.747134927489241818e-08 1.114131009671837091e-09 4.780531526193954051e-11 1.045585840131479927e-11 1.862471010749544575e-10
4.000000000000000000e+04 5.761867214459925890e-07 2.015903646679362282e-06 1.242068037754506804e-06 8.985225008473207708e-08 5.820766091346740723e-11 1.151079231931362301e-12 1.289657269865074340e-11 5.130906810535407203e-11 5.205113779993553180e-07 2.022421085712267086e-06 1.247963496098236647e-06 9.024488178965839325e-08 5.820766091346740723e-11 1.151079231931362301e-12 1.289657269865074340e-11 5.130906810535407203e-11
5.000000000000000000e+04 3.713274736583116464e-07 1.218273496306210291e-06 8.319777293763763737e-07 6.729388957182891318e-08 0.000000000000000000e+00 2.273736754432320595e-13 1.164424112687356683e-11 5.020434068470081002e-11 3.484924775420950027e-07 1.221728780365083367e-06 8.359637035937339533e-07 6.756445003475164413e-08 0.000000000000000000e+00 2.273736754432320595e-13 1.164424112687356683e-11 5.020434068470081002e-11
6.000000000000000000e+04 2.535869327857653843e-07 8.008892677935364190e-07 5.765195965068414807e-07 5.350893061972783471e-08 2.046363078989088535e-10 1.026734253173344769e-12 2.829936285309031518e-11 7.650154121296992571e-11 2.396715217400924303e-07 8.035986525101179723e-07 5.792184083475149237e-07 5.355736476531092194e-08 2.046363078989088535e-10 1.026734253173344769e-12 2.829936285309031518e-11 7.650154121296992571e-11
7.000000000000000000e+04 1.786846439699729672e-07 5.478143521031597629e-07 4.112067415462661302e-07 4.472271086797263706e-08 7.648850441910326481e-10 2.751221472863107920e-11 2.106483876218590012e-10 1.394030897661213686e-11 1.676890946100684232e-07 5.498834525496931747e-07 4.131692605824355269e-07 4.474654602404370962e-08 7.648850441910326481e-10 2.751221472863107920e-11 2.106483876218590012e-10 1.394030897661213686e-11
8.000000000000000000e+04 1.286153263890810194e-07 3.848711571663443465e-07 2.994176213633181760e-07 3.877772769556031562e-08 9.094947017729282379e-13 3.197442310920450836e-12 2.132516385700000683e-12 2.825974176889900491e-11 1.191363310226734029e-07 3.863363247091911035e-07 3.008687201599968830e-07 3.879900489778265182e-08 9.094947017729282379e-13 3.197442310920450836e-12 2.132516385700000683e-12 2.825974176889900491e-11
9.000000000000000000e+04 9.664768896300302004e-08 2.750302314780128654e-07 2.210866512086795410e-07 3.439053131160108023e-08 1.313310349360108376e-09 3.218794120130041847e-10 2.735611737136878219e-11 2.253318365230683185e-10 8.841291787575755734e-08 2.760767756626592018e-07 2.221596417939508683e-07 3.441306972717939061e-08 1.313310349360108376e-09 3.218794120130041847e-10 2.735611737136878219e-11 2.253318365230683185e-10
1.000000000000000000e+05 7.170486782115403912e-08 2.021951672759314533e-07 1.664687516722551663e-07 3.094678291404306947e-08 3.637978807091712952e-12 5.115907697472721338e-11 3.973021911463092692e-11 4.761233074468407267e-11 6.447528733133367496e-08 2.029593986208055867e-07 1.672668759056250565e-07 3.096854328532572254e-08 3.637978807091712952e-12 5.115907697472721338e-11 3.973021911463092692e-11 4.761233074468407267e-11
1.100000000000000000e+05 5.541853553836517676e-08 1.511409237764382851e-07 1.263807689610985108e-07 2.792872777490629232e-08 1.537046045996248722e-10 5.115907697472721338e-11 2.536726384505527676e-11 1.120980565316731514e-11 4.898547345533188491e-08 1.517032330866641132e-07 1.269742284648600616e-07 2.794779163650673581e-08 1.537046045996248722e-10 5.115907697472721338e-11 2.536726384505527676e-11 1.120980565316731514e-11
1.200000000000000000e+05 4.528510189061307756e-08 1.137996932243368065e-07 9.677384582573722582e-08 2.520074815492989728e-08 1.309672370553016663e-10 3.769073941839451436e-11 7.729372697440339834e-13 1.501021529293211643e-11 3.948064630776570993e-08 1.142108843055211764e-07 9.721541260887534008e-08 2.521629482998832827e-08 1.309672370553016663e-10 3.769073941839451436e-11 7.729372697440339834e-13 1.501021529293211643e-11
1.300000000000000000e+05 3.640335322074861324e-08 8.769029591348953545e-08 7.549322589284201968e-08 2.273346488834704360e-08 3.274180926382541656e-11 1.278976924368180335e-11 1.654876236045765836e-11 2.782219767072380279e-12 3.108711155164201045e-08 8.799577244644751772e-08 7.582605832112676580e-08 2.274498811516423302e-08 3.274180926382541656e-11 1.278976924368180335e-11 1.654876236045765836e-11 2.782219767072380279e-12
1.400000000000000000e+05 3.051165009537726291e-08 6.849864320201959345e-08 5.894127852457131667e-08 2.042347269082256389e-08 4.010871634818613529e-10 1.278976924368180335e-13 2.798317133567707060e-11 1.448094769096464063e-11 2.558888567705253081e-08 6.872546975955629023e-08 5.919154588696073915e-08 2.043047153676980088e-08 4.010871634818613529e-10 1.278976924368180335e-13 2.798317133567707060e-11 1.448094769096464063e-11
1.500000000000000000e+05 2.605914772857431672e-08 5.350328535769222071e-08 4.686351573468527931e-08 1.837028840157017839e-08 3.274180926382541656e-11 7.063150064823275898e-11 9.967582315084655420e-11 2.860434111795484569e-10 2.145805133579870017e-08 5.366875299728235404e-08 4.705427514295479341e-08 1.837296537132715457e-08 3.274180926382541656e-11 7.063150064823275898e-11 9.967582315084655420e-11 2.860434111795484569e-10
1.600000000000000000e+05 2.244867580714071664e-08 4.242990669922619418e-08 3.746277954519428022e-08 1.649614489451778354e-08 1.537046045996248722e-10 3.072742060794553254e-11 7.214229214014267200e-13 7.395473122784324005e-12 1.811705097054527869e-08 4.255048580148468318e-08 3.760826317034116073e-08 1.649464032027481153e-08 1.537046045996248722e-10 3.072742060794553254e-11 7.214229214014267200e-13 7.395473122784324005e-12
1.700000000000000000e+05 1.989046438666264294e-08 3.385205715744632471e-08 2.997040127183936420e-08 1.481837319516898788e-08 1.100488589145243168e-10 6.963318810448981822e-11 5.030997840549389366e-11 1.211812039603188396e-10 1.579121367001334875e-08 3.393779479665681720e-08 3.008059579201471934e-08 1.481312761342223894e-08 1.100488589145243168e-10 6.963318810448981822e-11 5.030997840549389366e-11 1.211812039603188396e-10
1.800000000000000000e+05 1.703675067687981937e-08 2.729693449055048404e-08 2.472676818854324665e-08 1.337356270170175776e-08 8.185452315956354141e-12 3.007016857736743987e-11 1.167121954637195813e-10 1.367040161626142947e-11 1.313645281442177293e-08 2.735739101922263217e-08 2.481261596187778196e-08 1.336516497474349308e-08 8.185452315956354141e-12 3.007016857736743987e-11 1.167121954637195813e-10 1.367040161626142947e-11
1.900000000000000000e+05 1.606836086409657582e-08 2.184545877526034019e-08 1.972896157553805097e-08 1.204014754563331735e-08 9.094947017729282379e-13 3.283275873400270939e-10 6.185187917395751356e-10 4.036277978514135611e-10 1.235209179384355593e-08 2.188423309235076886e-08 1.979250185968339792e-08 1.202899646557398228e-08 9.094947017729282379e-13 3.283275873400270939e-10 6.185187917395751356e-10 4.036277978514135611e-10
2.000000000000000000e+05 1.345554334619691872e-08 1.792745685236241115e-08 1.701005913901099120e-08 1.095243717941229988e-08 4.456524038687348366e-11 3.842615114990621805e-11 1.176800878965877928e-10 1.609724853413041501e-11 9.896022667987836030e-09 1.795302217999505956e-08 1.706174934668069909e-08 1.093923085448977872e-08 4.456524038687348366e-11 3.842615114990621805e-11 1.176800878965877928e-10 1.609724853413041501e-11
2.100000000000000000e+05 1.185034115280814149e-08 1.469791222064031899e-08 1.455209996947814943e-08 9.963256886180715810e-09 7.366907084360718727e-11 2.785327524179592729e-10 3.436220197272632504e-10 1.999735932400881211e-10 8.437329945820692956e-09 1.471243393780241604e-08 1.459337983789055215e-08 9.948244006352524593e-09 7.366907084360718727e-11 2.785327524179592729e-10 3.436220197272632504e-10 1.999735932400881211e-10
2.200000000000000000e+05 1.141633365620009499e-08 1.195649534935228075e-08 1.182406350608289358e-08 9.030964420730924758e-09 8.185452315956354141e-12 3.916866830877552275e-11 1.300382024282953353e-11 1.725321274737012800e-13 8.143934415727471787e-09 1.196130039460285843e-08 1.185399511882678780e-08 9.014380353278284019e-09 8.185452315956354141e-12 3.916866830877552275e-11 1.300382024282953353e-11 1.725321274737012800e-13
2.300000000000000000e+05 1.058205878479157036e-08 9.894507435603827616e-09 9.940176681766388356e-09 8.223943304130898468e-09 5.820766091346740723e-11 3.274180926382541656e-11 1.183275699645491841e-12 4.254931129654693223e-11 7.438389904024234056e-09 9.892883845452615788e-09 9.962506375416069204e-09 8.206111345998579054e-09 5.820766091346740723e-11 3.274180926382541656e-11 1.183275699645491841e-12 4.254931129654693223e-11
2.400000000000000000e+05 9.674014478378012427e-09 8.314091637373621779e-09 8.495720571488618589e-09 7.505924770612182328e-09 1.178705133497714996e-09 6.096811944189539645e-11 2.865476744773332030e-10 1.700029006457270953e-12 6.649592432239614936e-09 8.307727838996470382e-09 8.512409443994783942e-09 7.487059860977751669e-09 1.178705133497714996e-09 6.096811944189539645e-11 2.865476744773332030e-10 1.700029006457270953e-12
2.500000000000000000e+05 8.981626997695002501e-09 6.900989557578895983e-09 7.328928131045131522e-09 6.866324842036419795e-09 8.185452315956354141e-12 9.240608278560102917e-12 1.493027923515910516e-12 4.058003932883025300e-11 6.071201763546696384e-09 6.890891857125325259e-09 7.340633878527569323e-09 6.846693878514997778e-09 8.185452315956354141e-12 9.240608278560102917e-12 1.493027923515910516e-12 4.058003932883025300e-11
2.600000000000000000e+05 8.531603867822923348e-09 5.811701786484491095e-09 6.171537947352589981e-09 6.272585562072663379e-09 2.328306436538696289e-10 5.462652552523650229e-11 2.673616883441809478e-11 4.610714032793339356e-10 5.729686058941751980e-09 5.798679314494847858e-09 6.178485278951484361e-09 6.252347972690586175e-09 2.328306436538696289e-10 5.462652552523650229e-11 2.673616883441809478e-11 4.610714032793339356e-10
2.700000000000000000e+05 7.904478849241058924e-09 4.891115068517137843e-09 5.413523407327147652e-09 5.746188413979780307e-09 6.630216375924646854e-10 1.435331853372190380e-10 2.147637623295395315e-11 3.716558172328632281e-10 5.204509267997536881e-09 4.876132386755216430e-09 5.417168047472387116e-09 5.725514284904420492e-09 6.630216375924646854e-10 1.435331853372190380e-10 2.147637623295395315e-11 3.716558172328632281e-10
2.800000000000000000e+05 7.143325486680396352e-09 4.399190345338865882e-09 4.724518554155565653e-09 5.252290602442144518e-09 4.456524038687348366e-11 9.789857813302660361e-11 8.673617379884035472e-11 3.076873478224939618e-11 4.537346054434010512e-09 4.383895468862419875e-09 4.725423607965240080e-09 5.231190147725328643e-09 4.456524038687348366e-11 9.789857813302660361e-11 8.673617379884035472e-11 3.076873478224939618e-11
2.900000000000000000e+05 6.860010337561561755e-09 3.713636065327818869e-09 4.061612823846871834e-09 4.797962915858988708e-09 7.366907084360718727e-11 1.378772651605686406e-10 1.987112696610893181e-10 5.137246184006016847e-11 4.347276760796603412e-09 3.696723593904494010e-09 4.059503844189293886e-09 4.776651962856703904e-09 7.366907084360718727e-11 1.378772651605686406e-10 1.987112696610893181e-10 5.137246184006016847e-11
3.000000000000000000e+05 6.266261731724398487e-09 3.240480328514649955e-09 3.696331685176801329e-09 4.395674935153692786e-09 5.238689482212066650e-10 3.342748300383391324e-11 1.507629576735780574e-10 8.948522478569032046e-12 3.838621864815650042e-09 3.223224798176715922e-09 3.692478767192142186e-09 4.374209439106380160e-09 5.238689482212066650e-10 3.342748300383391324e-11 1.507629576735780574e-10 8.948522478569032046e-12
3.020000000000000000e+05 5.930709257029320725e-09 3.184480235063347209e-09 3.880225918351243308e-09 4.338506442991274525e-09 7.366907084360718727e-11 4.058762215208844282e-10 4.427000988016516203e-10 3.288678218638096951e-10 3.518008329095323461e-09 3.167967888018097256e-09 3.876984955297757551e-09 4.316978774454582890e-09 7.366907084360718727e-11 4.058762215208844282e-10 4.427000988016516203e-10 3.288678218638096951e-10
